7271179 7271185
7274454 7274460
7275907 7275913
7277166 7277172
7279770 7279776
7279919 7279925
7283050 7283056
7284033 7284039
7286457 7286463
7290777 7290783
7291907 7291913
7292197 7292203
7296559 7296565
7302755 7302761
7302912 7302918
7303685 7303691
7306630 7306636
7314532 7314538
7315495 7315501
7321103 7321109
7322677 7322683
7324631 7324637
7328148 7328154
7328836 7328842
7333656 7333662
7334762 7334768
7342218 7342224
7347041 7347047
7349052 7349058
7355437 7355443
7362279 7362285
7372141 7372147
7375105 7375111
7378313 7378319
7378471 7378477
7378517 7378523
7378579 7378585
7379442 7379448
7384790 7384796
7388214 7388220
7388902 7388908
7392860 7392866
7394988 7394994
7395941 7395947
7403778 7403784
7406897 7406903
7407111 7407117
7412306 7412312
7416800 7416806
7418954 7418960
7419209 7419215
7424641 7424647
7426338 7426344
7432928 7432934
7435708 7435714
7440605 7440611
7441007 7441013
7446110 7446116
7446124 7446130
7446610 7446616
7446777 7446783
7447137 7447143
7447302 7447308
7447453 7447459
7447604 7447610
7447783 7447789
7447934 7447940
7448113 7448119
7448263 7448269
7448448 7448454
7450540 7450546
7450725 7450731
7450892 7450898
7451378 7451384
7451392 7451398
7455255 7455261
7456040 7456046
7458711 7458717
7459290 7459296
7464790 7464796
7465352 7465358
7465579 7465585
7466071 7466077
7466672 7466678
7468311 7468317
